0.0
0.0
0.0
0.0
0.0
0.0
0.0
0.0
0.0
0.0
0.0
0.0
0.0
0.0
0.0
0.0
0.0
0.0
0.0
0.0
0.0
0.0
0.0
0.0
0.0
0.0
0.0
0.0
0.0
0.0
0.0
0.0
0.0
0.0
0.0
0.0
0.0
24.9
115.59
171.73
226.87
279.49
320.16
357.13
386.54
417.36
439.57
459.28
475.27
584.75
709.72
806.4
876.42
920.22
949.66
964.93
966.74
961.47
948.91
935.59
919.4
904.03
886.82
871.19
857.41
842.54
831.59
822.32
815.24
809.67
804.07
800.66
797.6
796.04
795.09
794.58
794.57
794.86
795.35
796.16
796.9
797.5
798.37
799.0
799.61
800.26
800.62
801.08
801.58
803.32
805.65
809.47
821.86
841.16
870.78
912.32
966.84
1035.07
1109.88
1204.45
1301.8
1436.35
1549.77
1654.73
1773.3
1859.15
1940.8
2007.39
2067.69
2114.97
2154.65
2178.02
2203.45
2223.38
2241.0
2252.22
2260.6
2266.46
2270.77
2273.67
2275.24
2275.86
2275.75
2274.9
2273.7
2272.01
2270.16
2267.99
2265.92
2264.82
2264.6
2265.0
2265.78
2267.12
2268.32
2269.73
2271.29
2272.7
2274.26
2275.71
2277.3
2278.82
2280.73
2282.17
2283.67
2285.48
2286.97
2288.57
2289.98
2291.45
2292.86
2294.39
2296.24
2297.77
2299.3
2300.83
2302.29
2303.69
2305.14
2306.84
2308.28
2309.52
2311.32
2312.8
2314.34
2315.81
2317.28
2318.68
2320.21
2321.67
2323.13
2324.54
2325.94
2327.28
2328.93
2330.33
2331.68
2333.36
2335.35
2337.75
2341.3
2344.64
2348.14
2351.77
2355.48
2359.24
2362.69
2365.99
2370.38
2373.51
2377.24
2380.95
2385.42
2388.8
2392.48
2396.16
2399.83
2403.35
2406.88
2410.42
2414.89
2418.45
2422.17
2425.6
2429.19
2433.58
2437.21
2440.86
2444.54
2448.24
2451.97
2455.76
2459.62
2464.74
2468.21
2473.28
2477.51
2481.77
2485.87
2489.98
2494.09
2498.21
2503.22
2507.34
2511.62
2515.72
2519.99
2524.26
2528.52
2532.79
2536.71
2540.99
2546.01
2549.96
2554.12
2558.29
2562.67
2566.52
2570.93
2576.47
2580.91
2585.38
2589.67
2594.17
2598.68
2602.83
2607.61
2609.41
2520.55
2444.97
2401.2
2382.48
2379.95
2353.68
2347.69
2346.01
2344.69
2343.41
2342.47
2341.63
2340.65
2339.8
2295.08
2289.35
2285.3
2281.08
2277.22
2277.06
2282.49
2292.31
2303.87
2314.09
2320.69
2325.71
2329.02
2331.23
2332.98
2334.01
2334.67
2333.58
2330.34
2326.58
2323.06
2320.63
2319.23
2318.68
2318.79
2319.26
2319.88
2320.57
2321.14
2321.71
2322.05
2322.29
2322.46
2322.54
2322.54
2322.48
2322.39
2322.28
2322.18
2322.05
2321.92
2321.78
2321.64
2321.53
2321.38
2321.27
2321.16
2321.05
2320.95
2320.87
2320.79
2320.71
2320.63
2320.59
2320.53
2320.47
2320.43
2320.38
2320.34
2320.31
2320.26
2320.23
2320.19
2320.15
2320.12
2320.1
2320.04
2319.98
2319.9
2319.81
2319.74
2319.65
2319.54
2319.37
2319.25
2319.05
2318.85
2318.64
2318.37
2318.03
2317.72
2317.26
2316.86
2316.4
2315.92
2315.29
2314.71
2314.0
2313.24
2312.42
2311.56
2310.56
2309.53
2308.38
2307.2
2306.16
2304.79
2303.39
2301.68
2300.12
2298.42
2296.72
2294.97
2293.23
2291.52
2289.38
2287.53
2285.66
2283.79
2281.78
2279.98
2278.18
2276.57
2274.98
2273.62
2272.58
2272.0
2271.8
2272.25
2273.3
2275.05
2277.57
2281.08
2285.47
2291.4
2296.38
2303.93
2310.08
2316.17
2322.2
2327.93
2331.14
2333.52
2335.53
2336.42
2337.36
2337.77
2337.49
2336.55
2334.95
2333.16
2331.38
2329.21
2327.37
2325.26
2323.54
2321.75
2320.04
2318.3
2316.76
2315.51
2313.93
2312.4
2311.12
2309.62
2308.36
2306.88
2305.46
2304.28
2302.92
2301.46
2300.22
2298.87
2297.41
2296.18
2294.73
2293.5
2292.12
2290.85
2289.54
2288.14
2286.88
2285.64
2284.51
2283.01
2281.56
2279.35
2272.58
2254.9
2212.49
2158.56
2083.25
1998.87
1910.7
1822.23
1715.09
1623.76
1520.61
1419.47
1325.11
1237.69
1154.12
1075.59
987.83
922.62
861.36
807.04
759.51
718.59
687.97
657.52
634.27
617.05
603.2
593.69
587.72
585.12
584.69
585.9
588.34
591.61
595.5
599.55
603.05
606.77
609.99
612.57
615.04
616.96
618.56
619.45
620.25
620.76
621.06
621.11
621.0
620.83
620.57
620.27
620.01
619.72
619.45
619.18
618.98
618.84
618.7
618.61
618.55
618.51
618.51
618.52
618.55
618.59
618.63
618.69
618.75
618.8
618.86
618.92
618.97
619.02
619.07
619.11
619.16
619.19
619.23
619.26
619.3
619.33
619.36
619.39
619.42
619.45
619.48
619.5
619.53
619.56
619.59
619.62
619.65
619.68
619.71
619.74
619.77
619.8
619.83
619.86
